7258733.83 377216.50 154
7258862.55 377212.33 152
7258983.93 377193.56 151
7259108.27 377179.59 151
7259230.09 377151.00 152
7259354.67 377135.00 150
7259479.09 377114.01 149
7259602.21 377098.10 149
7259726.24 377075.71 148
7259849.62 377052.59 148
7259971.97 377032.91 147
7260096.27 377014.96 146
7260219.30 376991.87 146
7260341.78 376980.52 145
7260466.42 376961.95 144
7260590.82 376935.87 143
7260712.61 376916.46 142
7260837.48 376900.08 141
7260959.09 376882.91 141
7261084.34 376860.60 139
7261209.30 376840.12 139
7261332.08 376819.52 137
7261455.16 376802.98 136
7261576.55 376778.91 134
7261701.97 376761.80 132
7261827.17 376747.75 131
7261948.75 376724.47 130
7262070.06 376703.87 128
7262196.13 376686.35 127
7262319.84 376658.51 125
7262442.59 376646.27 124
7262565.67 376629.94 122
7262689.63 376609.06 121
7262813.15 376590.99 120
7262934.91 376568.20 118
7263060.80 376550.63 117
7263183.06 376532.27 115
7263306.12 376510.43 114
7263428.39 376489.49 112
7263552.96 376472.59 111
7263673.90 376442.55 109
7263798.57 376432.00 108
7263923.88 376403.85 106
7264047.45 376391.27 104
7264171.11 376380.25 103
7264294.69 376347.14 101
7264417.39 376336.53 100
7264541.44 376316.04 98
7264664.98 376292.24 97
7264786.38 376272.72 95
7264910.95 376253.41 94
7265036.22 376232.30 93
7265160.81 376220.16 91
7265281.20 376195.34 89
7265404.48 376171.36 88
7265528.58 376153.20 87
7265650.88 376139.86 85
7265777.95 376122.65 83
7265900.74 376099.63 83
7266023.26 376076.50 82
7266147.55 376058.66 79
7266267.93 376038.56 79
7266394.30 376018.40 78
7266514.65 376002.12 77
7266638.47 375976.05 74
7266761.51 375961.33 72
7266887.67 375936.47 71
7267010.80 375915.21 71
7267134.38 375897.22 69
7267254.30 375876.62 68
7267378.75 375862.23 66
7267502.96 375844.90 65
7267628.49 375819.24 63
7267752.51 375807.81 61
7267875.32 375779.38 61
7267999.13 375760.47 59
7268121.86 375742.65 57
7268256.97 375724.90 57
7268381.89 375702.75 55
7268504.65 375678.87 54
7268628.23 375662.58 51
7268751.36 375647.40 49
7268876.28 375629.59 48
7269000.27 375606.36 45
7269121.39 375587.53 42
7269370.23 375540.11 49
7269492.89 375524.20 50
7269616.65 375500.89 46
7269738.00 375481.21 39
7269863.79 375464.04 38
7269986.08 375448.78 42
7270112.36 375427.08 44
7270233.79 375414.35 42
7270358.91 375390.55 39
7270479.44 375372.89 37
7270606.48 375348.71 34
7270727.82 375334.94 32
7270850.44 375317.54 37
7270976.06 375295.43 34
7271096.74 375274.86 32
7271222.14 375253.63 31
7271346.25 375232.09 29
7271466.89 375213.17 28
7271594.53 375198.78 29
7271715.65 375172.13 27
7271841.02 375152.48 25
7271961.51 375141.64 23
7272087.32 375119.67 21
7272212.73 375101.86 19
7272334.16 375083.01 17
7272457.12 375055.22 16
7272580.61 375038.96 14
7272704.94 375025.04 14
7272828.54 374999.79 14
7272948.10 374977.39 15
7273071.78 374960.80 16
7273195.60 374936.75 14
7272788.90 374005.41 16
7272662.21 374018.68 17
7272537.58 374034.43 16
7272417.39 374065.15 14
7272292.06 374070.05 15
7272170.36 374094.23 18
7272046.01 374110.23 19
7271922.82 374130.70 20
7271799.41 374149.65 24
7271673.67 374169.54 25
7271553.71 374192.08 25
7271426.99 374212.26 29
7271304.15 374230.79 31
7271180.35 374249.69 34
7271058.49 374267.27 34
7270931.95 374282.69 33
7270809.63 374306.38 30
7270686.39 374326.30 32
7270564.45 374345.12 33
7270439.27 374363.47 35
7270314.65 374384.36 36
7270191.84 374402.89 39
7270070.21 374423.49 39
7269947.88 374439.99 42
7269823.35 374462.79 44
7269697.96 374484.46 40
7269576.26 374505.20 47
7269453.28 374523.28 49
7269329.92 374544.25 47
7269083.95 374579.38 49
7268958.03 374602.01 45
7268835.22 374618.37 45
7268713.31 374640.22 47
7268586.84 374662.24 50
7268466.49 374680.13 52
7268340.82 374695.68 53
7268219.85 374719.81 54
7268094.16 374737.80 56
7267969.87 374755.74 56
7267845.59 374774.09 59
7267725.93 374795.28 60
7267600.99 374813.79 61
7267477.22 374833.56 64
7267353.55 374853.96 64
7267231.76 374871.01 64
7267108.15 374892.76 67
7266984.32 374917.30 70
7266858.41 374936.10 71
7266734.15 374947.75 73
7266611.78 374970.06 73
7266488.47 374990.56 73
7266363.91 375009.40 76
7266241.54 375028.80 76
7266118.51 375047.42 79
7265993.09 375066.36 80
7265871.43 375089.66 81
7265749.50 375111.17 85
7265625.51 375129.90 84
7265500.55 375146.31 86
7265379.54 375167.47 86
7265256.23 375187.51 88
7265130.76 375207.14 91
7265007.26 375226.53 91
7264883.18 375246.48 92
7264759.13 375263.34 95
7264638.43 375282.08 97
7264514.50 375301.28 97
7264391.58 375325.68 100
7264266.67 375346.81 101
7264143.32 375364.46 102
7264019.46 375380.18 104
7263896.09 375399.53 107
7263773.65 375423.23 108
7263649.99 375440.83 109
7263527.32 375465.85 110
7263402.20 375477.88 111
7263280.28 375495.94 114
7263156.95 375513.73 114
7263030.91 375539.00 116
7262909.67 375555.87 117
7262783.93 375576.06 119
7262661.64 375591.32 120
7262536.60 375616.43 122
7262414.18 375634.44 123
7262291.95 375655.16 124
7262167.94 375682.05 126
7262046.24 375699.61 127
7261920.56 375719.16 128
7261798.10 375735.36 129
7261676.82 375758.71 131
7261550.16 375774.29 136
7261428.22 375792.90 134
7261304.29 375809.97 135
7261182.15 375829.00 136
7261053.67 375841.48 138
7260933.33 375867.85 140
7260809.98 375885.82 142
7260684.91 375905.87 142
7260563.33 375920.59 144
7260440.59 375944.12 144
7260317.99 375968.35 145
7260191.35 375991.62 146
7260070.53 376002.04 145
7259945.36 376025.57 147
7259821.41 376042.98 147
7259698.42 376064.41 148
7259573.96 376080.57 148
7259450.89 376104.18 149
7259326.93 376123.96 149
7259204.67 376141.52 150
7259079.69 376163.48 150
7258956.26 376177.81 152
7258835.08 376192.38 152
7258708.84 376218.74 152
7258413.87 375252.27 158
7258538.60 375230.60 153
7258664.10 375219.55 151
7258788.34 375199.72 149
7258912.68 375183.32 152
7259034.07 375156.48 150
7259157.38 375142.36 149
7259282.64 375126.03 150
7259405.52 375100.15 148
7259528.43 375083.70 148
7259651.08 375058.20 147
7259775.34 375038.44 147
7259896.78 375019.39 145
7260021.26 375002.06 143
7260143.32 374974.26 143
7260265.70 374955.70 142
7260390.96 374941.27 141
7260513.94 374916.54 141
7260640.82 374902.76 140
7260761.94 374880.11 138
7260885.48 374863.01 137
7261008.28 374836.62 137
7261131.67 374822.06 134
7261254.50 374799.53 132
7261379.49 374784.97 132
7261500.59 374756.23 130
7261627.61 374742.83 130
7261748.85 374719.69 127
7261872.56 374707.68 126
7261997.80 374695.05 124
7262118.58 374670.22 125
7262242.06 374650.78 121
7262365.22 374624.25 122
7262489.23 374605.37 119
7262611.95 374587.56 118
7262735.94 374566.90 116
7262862.43 374556.24 118
7262984.57 374529.86 114
7263106.59 374510.92 112
7263232.52 374494.52 112
7263354.59 374474.18 109
7263477.09 374457.38 110
7263603.83 374435.89 104
7263724.00 374418.16 106
7263847.46 374392.44 105
7263970.91 374376.79 104
7264098.69 374360.58 102
7264220.28 374335.48 99
7264340.89 374310.40 100
7264466.84 374296.39 96
7264588.86 374285.48 96
7264712.83 374262.45 94
7264837.04 374242.99 93
7264959.02 374223.35 90
7265082.94 374203.94 92
7265204.12 374174.09 88
7265332.61 374164.63 88
7265454.64 374143.95 84
7265576.85 374122.98 83
7265701.18 374107.76 83
7265824.37 374094.17 84
7265946.57 374067.88 82
7266070.44 374041.31 80
7266192.23 374021.23 75
7266318.98 374001.86 76
7266443.34 373986.41 75
7266566.70 373969.51 74
7266687.29 373949.78 71
7266811.28 373929.15 70
7266934.22 373905.91 68
7267056.29 373879.59 66
7267181.55 373867.76 66
7267305.08 373848.54 64
7267428.67 373836.92 63
7267551.14 373811.27 61
7267679.34 373796.77 60
7267799.25 373773.98 58
7267920.96 373746.59 57
7268046.39 373732.27 54
7268170.91 373712.67 54
7268291.53 373689.55 52
7268415.63 373667.47 50
7268540.41 373651.82 49
7268663.25 373631.16 46
7268788.78 373612.93 47
7268910.36 373597.82 43
7269036.12 373577.93 43
7269281.08 373533.86 53
7269405.49 373514.91 46
7269528.85 373499.31 43
7269651.65 373475.83 41
7269775.80 373454.14 42
7269898.22 373434.71 39
7270022.99 373421.82 39
7270145.75 373398.15 35
7270268.47 373370.86 36
7270395.96 373370.18 32
7270517.17 373349.94 33
7270637.37 373315.34 34
7270762.48 373300.18 32
7270884.58 373284.21 28
7271006.42 373250.78 30
7271131.75 373239.50 29
7271253.68 373216.06 29
7271379.16 373203.26 28
7271501.79 373179.83 23
7271627.37 373161.70 22
7271749.01 373147.70 20
7271872.09 373121.94 17
7271995.43 373103.27 17
7272120.46 373086.84 14
7272089.34 372070.08 13
7271980.68 372099.19 15
7271855.69 372115.16 20
7271731.72 372131.16 20
7271606.86 372155.44 24
7271483.26 372173.56 24
7271358.67 372191.45 25
7271238.83 372212.06 26
7271113.16 372229.25 24
7270989.84 372251.23 25
7270867.18 372272.63 29
7270742.85 372289.92 29
7270621.65 372312.44 28
7269540.65 372480.08 44
7270375.26 372356.21 32
7270126.47 372389.88 33
7270003.61 372413.26 33
7269881.43 372431.16 34
7269758.29 372450.94 38
7269635.49 372469.91 40
7269386.70 372503.37 25
7269262.05 372519.26 39
7269138.95 372543.30 42
7269016.44 372566.87 48
7268890.87 372582.88 39
7268770.28 372605.09 45
7268644.01 372628.88 47
7268522.72 372643.54 47
7268397.77 372659.18 50
7268275.25 372682.52 51
7268150.98 372702.44 52
7268027.55 372721.56 53
7267905.99 372740.27 57
7267779.19 372761.21 59
7267655.16 372781.18 59
7267535.80 372797.84 59
7267409.27 372818.71 62
7267287.24 372833.22 62
7267162.93 372859.28 66
7267042.74 372881.89 66
7266914.92 372897.27 68
7266793.84 372918.19 69
7266670.51 372936.19 71
7266547.73 372952.17 71
7266422.89 372975.69 74
7266298.57 372997.71 74
7266175.89 373011.45 77
7266051.74 373032.84 79
7265929.17 373049.16 81
7265803.10 373072.60 81
7265681.26 373093.12 86
7265560.02 373112.85 87
7265433.17 373128.91 86
7265310.98 373150.30 86
7265188.46 373168.59 91
7265066.06 373187.65 99
7264939.40 373209.41 100
7264816.01 373225.68 90
7264694.36 373247.09 92
7264568.36 373265.26 93
7264446.44 373288.00 98
7264322.29 373306.60 97
7264198.20 373324.55 101
7264078.42 373347.66 100
7263955.36 373365.06 100
7263831.27 373386.50 104
7263705.85 373406.90 104
7263584.03 373424.78 105
7263458.25 373445.86 107
7263334.93 373462.91 108
7263213.88 373482.65 111
7263090.51 373499.82 109
7262966.09 373519.35 115
7262840.81 373542.30 112
7262718.23 373562.72 117
7262594.10 373582.13 115
7262472.42 373599.47 117
7262346.63 373617.76 117
7262226.04 373640.73 119
7262100.11 373661.61 119
7261971.33 373679.51 121
7261854.21 373702.19 121
7261732.07 373717.40 121
7261606.21 373737.37 123
7261484.82 373758.95 124
7261360.02 373780.87 124
7261239.71 373798.33 122
7261114.96 373820.14 128
7260992.10 373835.64 127
7260868.25 373852.88 128
7260741.74 373875.73 130
7260619.63 373896.17 133
7260495.08 373915.08 130
7260372.33 373932.07 134
7260249.53 373942.77 132
7260125.63 373967.51 138
7260001.24 373988.23 134
7259879.94 374007.59 140
7259754.67 374029.05 138
7259630.66 374050.02 142
7259509.70 374069.96 143
7259384.18 374088.59 145
7259259.89 374108.15 148
7259139.78 374127.32 147
7259014.31 374149.95 150
7258891.92 374165.66 150
7258768.82 374184.54 149
7258642.54 374203.98 153
7258523.59 374228.33 151
7258398.91 374249.12 153
7258097.42 373280.01 151
7258222.45 373255.08 152
7258347.88 373240.15 150
7258470.68 373221.79 150
7258593.85 373201.04 150
7258716.75 373185.85 152
7258838.72 373164.72 150
7258962.46 373146.94 150
7259089.33 373124.80 148
7259212.39 373105.09 145
7259333.24 373085.73 144
7259459.27 373072.31 145
7259579.10 373038.75 142
7259703.94 373023.94 141
7259829.47 373006.12 136
7259949.71 372985.96 135
7260073.06 372966.89 135
7260199.73 372956.42 136
7260321.25 372931.62 132
7260444.15 372908.99 133
7260566.55 372886.21 130
7260690.93 372866.03 128
7260817.56 372854.15 128
7260941.11 372828.72 127
7261061.82 372807.25 126
7261187.01 372791.98 126
7261311.78 372772.95 123
7261432.12 372751.77 123
7261557.88 372732.04 119
7261680.75 372715.59 121
7261803.41 372694.09 121
7261927.83 372677.21 120
7262052.14 372655.34 120
7262171.85 372634.01 118
7262295.14 372612.18 118
7262421.61 372595.90 118
7262543.83 372577.92 116
7262666.86 372553.65 114
7262791.03 372541.15 113
7262914.96 372523.41 113
7263038.89 372501.53 113
7263161.16 372484.90 109
7263287.50 372462.00 106
7263410.41 372439.84 104
7263531.93 372424.51 105
7263655.45 372407.59 105
7263780.68 372386.56 103
7263903.41 372364.00 99
7264025.93 372341.49 97
7264148.55 372322.07 100
7264271.92 372306.02 99
7264397.64 372286.00 98
7264517.80 372264.72 95
7264641.78 372246.62 95
7264767.30 372226.52 89
7264891.47 372209.13 87
7265014.64 372185.96 90
7265138.24 372163.10 91
7265260.28 372148.12 85
7265384.16 372131.06 81
7265505.77 372106.32 80
7265630.59 372086.17 84
7265755.74 372064.76 78
7265880.06 372049.93 77
7266000.97 372031.24 79
7266124.73 372014.17 77
7266249.32 371989.66 75
7266371.01 371970.31 73
7266496.86 371952.27 72
7266617.43 371927.83 72
7266743.45 371915.26 68
7266865.83 371895.08 67
7266987.61 371872.03 65
7267111.36 371857.24 64
7267238.77 371840.24 66
7267360.72 371809.20 61
7267480.02 371790.54 60
7267607.99 371777.52 60
7267731.21 371755.60 58
7267853.90 371736.28 55
7267977.14 371718.56 55
7268102.00 371696.31 53
7268223.95 371679.11 52
7268349.38 371660.44 50
7268472.71 371642.75 49
7268594.42 371620.41 49
7268719.54 371599.72 46
7268839.58 371580.00 44
7268962.66 371562.90 44
7269089.75 371538.47 42
7269209.22 371517.70 39
7269334.09 371502.51 37
7269456.49 371476.79 35
7269580.57 371466.06 34
7269703.73 371444.31 34
7269829.85 371423.10 32
7269952.87 371402.19 30
7270076.97 371383.84 28
7270197.65 371363.62 29
7270324.33 371346.32 28
7270447.48 371324.33 29
7270571.74 371308.97 29
7270693.92 371288.63 29
7270817.82 371264.11 28
7270938.84 371245.64 29
7271062.21 371231.18 27
7271186.69 371207.58 26
7271311.00 371192.17 24
7271434.45 371167.96 21
7271555.82 371149.88 20
7271681.96 371137.20 17
7271804.41 371114.06 15
7271544.88 370145.17 18
7271420.95 370158.37 23
7271299.25 370179.41 26
7271172.58 370199.03 27
7271048.46 370220.22 32
7270926.01 370231.08 29
7270804.88 370256.92 31
7270679.41 370275.99 34
7270555.66 370291.74 32
7270431.09 370314.35 30
7270307.54 370334.67 37
7270062.25 370379.45 25
7269940.03 370392.40 25
7269815.74 370416.21 28
7269690.98 370438.36 28
7269570.74 370454.43 31
7269445.76 370473.16 34
7269321.78 370496.55 36
7269197.42 370514.26 38
7269074.05 370532.26 39
7268952.46 370553.45 40
7268828.51 370574.01 42
7268703.02 370595.32 43
7268583.01 370614.42 47
7268460.81 370637.46 48
7268333.99 370644.49 51
7268209.83 370669.07 52
7268088.21 370686.27 53
7267962.17 370706.64 56
7267839.88 370727.14 56
7267716.35 370741.65 58
7267595.74 370768.00 58
7267468.74 370782.18 60
7267345.03 370802.44 62
7267224.49 370823.09 62
7267098.44 370842.38 63
7266976.89 370860.19 66
7266851.06 370877.96 69
7266728.78 370900.22 66
7266605.05 370927.96 70
7266482.14 370936.84 73
7266357.42 370958.99 72
7266237.02 370980.25 77
7266111.43 371000.42 76
7265987.50 371018.47 71
7265866.02 371039.26 69
7265740.88 371057.14 71
7265618.59 371078.62 72
7265491.92 371089.72 74
7265372.04 371112.63 80
7265248.20 371138.92 82
7265123.28 371156.95 87
7265001.25 371177.72 83
7264877.85 371194.55 85
7264751.69 371216.20 84
7264630.14 371232.32 88
7264508.16 371253.44 93
7264381.92 371276.27 94
7264257.90 371294.58 103
7264137.93 371312.93 98
7264014.04 371334.45 104
7263890.58 371350.80 100
7263764.33 371375.90 100
7263641.18 371390.59 101
7263519.44 371408.23 102
7263397.50 371429.04 105
7263273.12 371453.64 104
7263148.58 371475.11 107
7263024.38 371490.14 109
7262902.69 371504.76 109
7262779.56 371529.37 114
7262653.24 371549.44 112
7262531.55 371564.56 114
7262407.14 371584.10 116
7262285.74 371603.31 117
7262158.85 371623.95 119
7262038.40 371644.89 120
7261913.18 371664.89 120
7261790.80 371682.80 123
7261668.54 371705.10 122
7261542.61 371724.20 125
7261419.32 371744.09 126
7261297.14 371763.73 128
7261172.15 371789.12 127
7261050.31 371808.05 128
7260929.11 371826.92 131
7260801.75 371844.26 133
7260678.21 371858.35 133
7260555.00 371880.63 132
7260432.49 371900.87 134
7260308.80 371925.02 135
7260185.54 371939.14 135
7260063.84 371957.05 139
7259936.46 371975.00 139
7259815.24 371996.44 140
7259694.08 372017.44 140
7259569.77 372039.11 142
7259444.33 372056.36 143
7259323.33 372077.58 143
7259197.57 372094.59 147
7259075.98 372110.52 147
7258953.17 372134.52 147
7258825.45 372155.85 149
7258706.10 372172.35 150
7258579.74 372192.06 151
7258457.33 372207.43 151
7258331.01 372223.43 150
7258211.31 372247.46 160
7258084.14 372267.82 151
7257790.68 371304.10 153
7257915.15 371280.19 150
7258039.60 371259.42 151
7258160.86 371243.32 150
7258289.80 371232.75 150
7258411.65 371215.16 152
7258535.48 371188.27 149
7258656.59 371171.04 148
7258780.25 371152.43 148
7258905.53 371129.68 147
7259029.42 371109.14 149
7259149.55 371092.95 144
7259272.33 371069.57 143
7259396.69 371052.85 143
7259522.30 371032.56 140
7259643.85 371009.98 141
7259765.55 370982.09 141
7259889.70 370966.93 138
7260014.79 370949.65 136
7260136.15 370925.16 136
7260262.82 370907.94 132
7260385.99 370889.55 134
7260507.98 370869.55 133
7260633.29 370857.69 130
7260754.63 370835.96 128
7260880.22 370816.82 129
7261004.05 370800.45 126
7261125.38 370776.57 126
7261250.76 370755.66 125
7261374.80 370741.45 123
7261496.04 370719.67 125
7261620.30 370695.54 124
7261744.73 370678.09 121
7261869.03 370662.80 120
7261990.83 370638.30 119
7262112.63 370622.11 118
7262236.41 370601.10 118
7262359.69 370583.47 117
7262485.53 370565.91 114
7262609.99 370543.67 112
7262733.22 370522.02 111
7262856.77 370505.00 110
7262976.14 370478.46 110
7263101.10 370463.29 107
7263227.30 370446.73 102
7263350.06 370421.78 101
7263473.00 370405.54 100
7263595.37 370384.86 105
7263718.52 370367.09 101
7263842.66 370355.43 102
7263964.44 370326.34 98
7264091.48 370309.77 100
7264214.96 370288.55 95
7264335.89 370262.95 94
7264461.13 370251.23 91
7264584.63 370233.58 87
7264705.88 370216.36 86
7264829.24 370193.86 85
7264952.50 370170.80 89
7265076.01 370154.22 80
7265200.87 370135.70 79
7265322.58 370110.31 80
7265447.82 370093.30 73
7265568.96 370072.91 75
7265696.23 370053.06 80
7265818.69 370037.93 75
7265942.82 370014.16 68
7266063.49 369984.04 80
7266186.65 369972.08 74
7266314.73 369960.80 71
7266435.59 369937.32 66
7266560.62 369914.36 64
7266682.37 369889.93 68
7266806.98 369877.50 62
7266928.15 369861.87 62
7267054.56 369835.64 63
7267177.55 369818.88 60
7267297.34 369795.50 64
7267423.12 369778.26 59
7267547.66 369759.66 59
7267671.93 369742.20 58
7267793.36 369730.46 56
7267917.71 369701.86 53
7268041.65 369682.62 51
7268166.31 369670.36 51
7268286.14 369644.55 50
7268409.43 369623.57 47
7268535.08 369599.69 45
7268657.85 369584.65 43
7268781.46 369562.50 42
7268902.54 369539.33 41
7269027.49 369528.84 39
7269149.66 369508.28 35
7269275.58 369481.23 34
7269400.45 369463.46 34
7269520.57 369448.62 31
7269645.61 369431.92 28
7269768.36 369406.01 26
7269872.84 369380.79 22
7269998.51 369378.07 14
7270123.47 369353.87 22
7270245.42 369333.74 29
7270369.28 369320.57 23
7270492.48 369296.06 22
7270616.86 369277.72 26
7270741.14 369253.14 26
7270863.91 369233.17 25
7270987.91 369212.81 31
7271110.26 369196.27 26
7271235.07 369173.93 23
7271358.93 369154.71 19
7271479.87 369128.58 16
7271602.46 369115.32 14
7271566.07 368116.28 11
7271475.46 368120.91 14
7271356.00 368148.43 16
7271229.90 368168.34 19
7271104.65 368183.69 22
7270982.32 368201.89 25
7270862.06 368228.45 25
7270736.67 368245.03 29
7270612.00 368259.84 30
7270489.21 368281.58 24
7270367.02 368300.82 22
7270240.06 368313.34 24
7270116.87 368338.69 27
7269995.27 368357.49 30
7269870.02 368375.93 14
7269747.84 368395.81 22
7269625.11 368420.39 27
7269499.94 368437.46 29
7269376.10 368456.75 29
7269253.32 368484.15 33
7269130.47 368501.95 34
7269008.16 368519.01 35
7268882.87 368536.25 39
7268761.75 368551.61 41
7268638.55 368572.93 41
7268515.42 368594.51 42
7268388.70 368618.91 47
7268268.78 368635.67 47
7268144.21 368654.41 50
7268022.16 368676.77 50
7267896.49 368697.64 52
7267775.19 368714.21 55
7267651.14 368732.90 56
7267525.90 368753.03 56
7267404.69 368772.20 60
7267279.88 368786.81 60
7267154.86 368807.81 64
7267030.52 368823.77 64
7266910.20 368845.46 63
7266783.75 368866.97 62
7266663.19 368887.90 64
7266538.38 368911.93 66
7266412.68 368928.34 72
7266291.28 368945.18 68
7266169.46 368965.96 66
7266042.27 368985.80 68
7265920.08 369002.51 72
7265796.79 369024.65 77
7265672.58 369045.37 67
7265552.54 369063.82 79
7265425.50 369086.94 73
7265304.64 369106.21 78
7265178.55 369120.97 77
7265055.23 369140.76 81
7264934.78 369159.77 83
7264809.07 369181.23 89
7264686.09 369194.94 85
7264561.56 369217.60 87
7264439.30 369236.30 86
7264313.95 369260.33 94
7264190.90 369281.62 93
7264070.14 369301.99 96
7263945.63 369317.64 97
7263819.51 369332.91 101
7263697.23 369362.04 102
7263573.70 369376.89 101
7263452.94 369391.03 106
7263329.59 369418.61 104
7263204.18 369440.18 101
7263082.19 369456.29 103
7262956.94 369481.76 106
7262832.93 369498.58 107
7262708.89 369510.32 108
7262585.09 369530.68 110
7262466.26 369554.52 112
7262341.39 369575.28 112
7262216.59 369590.28 115
7262093.34 369598.04 117
7261970.63 369634.72 117
7261845.55 369648.01 118
7261722.13 369672.52 118
7261598.55 369690.11 120
7261477.94 369713.07 125
7261352.54 369723.80 124
7261227.01 369743.88 124
7261107.35 369766.62 125
7260983.12 369785.88 125
7260858.81 369810.03 128
7260737.59 369825.38 130
7260611.15 369843.49 131
7260489.44 369865.51 133
7260363.37 369881.30 132
7260242.02 369902.37 133
7260116.14 369923.23 135
7259994.06 369941.24 137
7259868.62 369960.70 137
7259745.69 369979.27 139
7259622.17 369997.12 138
7259502.96 370022.48 140
7259378.42 370034.92 141
7259253.98 370058.20 143
7259128.96 370074.98 144
7259008.88 370099.08 146
7258882.53 370124.01 145
7258759.64 370142.00 147
7258636.25 370160.44 148
7258511.34 370179.39 149
7258389.49 370195.84 153
7258266.54 370217.05 150
7258140.80 370231.84 153
7258019.24 370256.01 157
7257897.68 370273.62 153
7257772.53 370294.69 153
7257477.80 369321.59 155
7257604.39 369304.58 156
7257727.51 369286.96 155
7257850.72 369267.11 156
7257974.80 369245.95 154
7258099.81 369228.64 153
7258222.21 369210.47 153
7258345.36 369190.82 151
7258468.19 369173.93 151
7258593.46 369153.15 149
7258716.46 369133.39 148
7258839.37 369111.96 149
7258962.91 369099.43 149
7259088.47 369080.47 148
7259211.77 369056.54 146
7259334.78 369040.64 146
7259455.31 369017.50 144
7259579.10 368999.58 143
7259704.69 368978.74 142
7259828.59 368953.59 140
7259949.55 368934.32 139
7260074.04 368920.51 138
7260196.14 368900.55 137
7260319.59 368877.78 137
7260442.24 368860.75 132
7260568.98 368839.55 131
7260688.60 368816.88 133
7260812.68 368795.68 130
7260937.14 368779.49 128
7261063.38 368767.57 125
7261182.99 368737.76 125
7261307.68 368708.43 124
7261431.68 368700.12 124
7261555.93 368680.74 121
7261677.61 368663.74 119
7261801.10 368641.35 118
7261924.26 368623.60 117
7262051.57 368606.77 115
7262172.20 368585.69 111
7262296.84 368568.18 111
7262419.95 368546.60 111
7262542.83 368525.90 107
7262666.98 368512.00 107
7262790.33 368489.94 104
7262913.86 368468.76 102
7263037.27 368451.91 102
7263162.64 368431.40 99
7263283.12 368409.32 104
7263405.85 368387.05 101
7263530.55 368365.90 101
7263654.75 368347.98 96
7263774.80 368326.13 94
7263899.46 368307.85 92
7264024.67 368282.61 92
7264145.30 368263.75 90
7264270.19 368257.83 89
7264395.23 368230.84 85
7264516.57 368216.25 86
7264643.44 368201.67 83
7264768.14 368180.47 79
7264887.04 368153.29 79
7265010.86 368131.27 78
7265135.81 368119.53 73
7265258.71 368101.77 80
7265383.42 368078.02 71
7265505.17 368055.67 79
7265632.49 368040.46 74
7265753.10 368024.34 73
7265875.61 368006.16 74
7265998.70 367982.30 70
7266123.44 367963.95 67
7266246.98 367944.31 70
7266369.67 367920.11 70
7266494.21 367898.92 66
7266616.43 367886.50 64
7266739.75 367863.87 63
7266862.10 367828.43 65
7266988.38 367822.63 63
7267110.97 367806.30 62
7267235.22 367774.93 57
7267354.38 367752.93 57
7267480.54 367746.23 56
7267602.79 367721.42 55
7267728.00 367713.42 54
7267850.38 367685.89 52
7267974.15 367663.47 47
7268097.10 367649.16 46
7268224.89 367631.25 46
7268346.24 367617.12 44
7268470.15 367594.22 41
7268589.81 367563.77 39
7268715.51 367545.09 37
7268838.80 367530.91 37
7268961.08 367511.12 36
7269085.85 367489.78 32
7269209.89 367471.64 30
7269329.92 367443.14 30
7269456.19 367434.49 27
7269579.83 367412.96 23
7269702.57 367388.44 17
7269825.49 367375.23 14
7269949.23 367350.23 22
7270072.54 367335.04 25
7270197.47 367316.58 30
7270319.39 367294.73 26
7270444.29 367276.49 29
7270567.33 367255.85 26
7270691.91 367241.33 25
7270816.53 367223.42 23
7270937.16 367200.43 21
7271060.72 367179.88 20
7271183.89 367158.33 15
7271309.13 367140.74 13
7271016.31 366169.16 8
7270916.29 366184.82 10
7270791.56 366211.77 12
7270667.78 366231.27 18
7270544.83 366251.64 21
7270422.43 366267.44 21
7270298.81 366285.78 26
7270174.37 366306.56 27
7270052.08 366326.98 22
7269929.48 366349.85 24
7269804.69 366362.42 21
7269680.01 366390.93 23
7269557.02 366411.44 22
7269434.19 366425.88 19
7269309.97 366445.53 23
7269187.92 366461.06 25
7269064.21 366484.56 26
7268941.06 366499.84 30
7268817.36 366528.94 33
7268692.24 366541.34 34
7268570.90 366558.53 35
7268445.04 366580.77 37
7268322.90 366599.73 39
7268200.75 366621.72 41
7268074.40 366640.13 43
7267953.95 366658.85 44
7267828.64 366680.29 46
7267705.81 366698.63 47
7267582.50 366721.90 51
7267458.06 366730.94 53
7267334.95 366759.88 54
7267209.88 366779.35 55
7267086.67 366791.31 57
7266962.95 366814.09 61
7266842.92 366838.20 59
7266719.68 366858.73 61
7266594.39 366879.76 63
7266472.47 366898.17 67
7266345.15 366916.62 67
7266223.62 366936.96 67
7266101.36 366954.02 70
7265975.01 366971.03 71
7265853.47 366988.70 70
7265728.87 367012.83 69
7265607.51 367031.13 68
7265480.99 367046.90 72
7265360.32 367071.51 74
7265235.69 367092.70 77
7265113.05 367111.72 79
7264990.40 367131.63 83
7264863.87 367148.05 75
7264742.89 367167.96 78
7264619.79 367186.06 83
7264496.99 367208.93 84
7264373.17 367224.01 82
7264246.31 367246.49 84
7264124.54 367259.76 88
7263998.96 367283.75 89
7263879.28 367304.47 91
7263755.49 367325.45 92
7263632.21 367343.17 97
7263507.89 367357.87 95
7263381.73 367382.79 97
7263260.23 367402.58 98
7263135.18 367423.06 101
7263015.74 367442.81 100
7262891.17 367461.09 102
7262766.16 367476.40 103
7262643.57 367495.85 106
7262521.15 367518.12 106
7262393.56 367535.89 110
7262271.84 367554.59 109
7262151.31 367577.32 112
7262025.62 367598.74 113
7261901.51 367619.38 115
7261779.55 367635.44 115
7261654.14 367655.66 117
7261532.52 367680.02 119
7261410.37 367697.77 119
7261286.52 367713.07 121
7261162.23 367729.25 122
7261035.52 367747.76 125
7260913.93 367775.87 125
7260791.09 367790.10 127
7260665.71 367811.40 129
7260545.24 367831.60 130
7260418.84 367852.76 130
7260295.09 367869.46 132
7260175.22 367887.58 134
7260050.17 367906.85 134
7259926.99 367927.13 137
7259802.85 367951.05 138
7259679.59 367970.06 139
7259554.23 367986.62 142
7259432.61 368002.36 143
7259308.29 368024.63 142
7259185.20 368045.16 145
7259060.34 368061.07 145
7258938.74 368086.72 144
7258813.15 368100.42 147
7258694.17 368122.96 149
7258569.63 368141.04 148
7258443.25 368164.86 148
7258320.15 368181.48 152
7258199.01 368205.20 148
7258074.39 368221.04 151
7257953.30 368241.25 153
7257826.35 368256.66 152
7257703.75 368275.11 153
7257578.70 368298.14 154
7257458.26 368319.61 154
7257163.32 367354.60 164
7257289.39 367346.90 157
7257414.37 367316.31 172
7257535.21 367277.92 153
7257658.36 367269.26 152
7257781.85 367246.54 152
7257906.43 367233.00 149
7258028.46 367214.60 159
7258154.69 367198.90 153
7258277.44 367177.14 147
7258400.91 367155.75 147
7258520.44 367132.51 147
7258646.64 367118.53 146
7258769.57 367104.77 146
7258893.58 367081.89 144
7259015.10 367058.99 145
7259138.36 367036.01 141
7259264.17 367016.04 142
7259386.60 367002.11 141
7259511.26 366980.57 138
7259633.57 366960.27 137
7259757.68 366944.84 136
7259884.28 366925.10 136
7260007.28 366903.76 133
7260128.35 366891.92 132
7260250.78 366870.85 131
7260376.40 366846.34 130
7260498.64 366822.41 127
7260620.99 366800.99 126
7260746.72 366787.47 126
7260869.07 366772.66 125
7260993.71 366746.60 122
7261118.77 366727.48 122
7261241.82 366709.23 119
7261362.37 366686.99 117
7261487.34 366670.15 116
7261610.52 366651.10 116
7261732.36 366624.55 115
7261856.26 366610.15 112
7261978.85 366592.70 111
7262102.52 366571.74 109
7262224.53 366548.45 108
7262348.77 366529.96 107
7262473.97 366515.36 105
7262596.78 366498.11 101
7262722.16 366469.60 100
7262846.18 366452.66 99
7262970.40 366435.86 96
7263091.88 366416.13 96
7263215.54 366394.13 91
7263339.20 366376.15 90
7263461.77 366363.06 90
7263584.36 366331.68 87
7263706.83 366314.73 86
7263834.86 366298.83 84
7263957.41 366277.69 80
7264078.46 366258.61 81
7264205.12 366243.18 79
7264328.35 366222.00 77
7264448.12 366201.27 78
7264573.27 366183.27 76
7264697.38 366161.02 76
7264819.67 366139.80 74
7264945.47 366121.11 72
7265066.01 366108.81 71
7265190.21 366082.17 71
7265315.99 366064.96 71
7265437.87 366046.19 69
7265560.24 366021.65 68
7265681.09 365998.20 68
7265807.12 365978.38 66
7265930.76 365967.98 65
7266055.45 365947.78 66
7266179.20 365925.17 63
7266301.10 365908.48 60
7266427.83 365891.91 60
7266550.87 365868.67 58
7266672.42 365847.58 59
7266797.20 365828.63 57
7266921.66 365813.75 54
7267043.78 365792.26 54
7267167.07 365769.48 51
7267290.12 365752.13 49
7267414.47 365730.68 48
7267535.81 365711.82 46
7267659.75 365695.91 46
7267785.34 365675.19 44
7267906.45 365651.25 42
7268028.96 365629.87 38
7268153.90 365613.79 38
7268279.28 365595.37 37
7268400.26 365574.34 34
7268524.76 365556.77 33
7268648.74 365538.59 31
7268768.95 365514.12 26
7268893.81 365498.24 28
7269018.62 365485.92 23
7269139.39 365459.03 21
7269263.71 365435.20 13
7269386.74 365420.82 26
7269509.11 365393.64 22
7269865.67 364326.81 34
7269741.88 364351.42 38
7269618.65 364376.17 38
7269493.94 364384.13 37
7269371.37 364412.45 36
7269250.63 364441.10 39
7269123.63 364451.66 38
7268998.90 364467.26 37
7268875.50 364490.09 33
7268755.62 364506.74 32
7268630.31 364531.15 33
7268507.56 364548.61 35
7268383.71 364569.31 35
7268262.24 364587.43 34
7268135.82 364607.43 36
7268013.11 364626.64 37
7267892.24 364651.23 40
7267766.58 364669.83 41
7267640.19 364682.38 44
7267519.39 364696.53 45
7267396.60 364719.26 45
7267273.98 364743.42 46
7267145.70 364758.43 47
7267026.05 364781.59 51
7266902.29 364803.05 52
7266777.50 364825.03 53
7266656.79 364840.37 53
7266532.53 364858.61 54
7266408.78 364880.48 57
7266287.28 364902.32 59
7266161.03 364922.43 60
7266038.64 364942.78 60
7265916.10 364960.78 61
7265790.30 364982.19 62
7265666.17 365000.27 64
7265543.44 365021.57 66
7265418.92 365035.44 66
7265298.33 365053.35 67
7265171.31 365073.32 67
7265048.73 365091.15 70
7264925.66 365110.42 68
7264802.40 365129.61 68
7264678.47 365154.48 72
7264555.38 365171.46 71
7264433.14 365195.89 73
7264310.48 365213.25 74
7264185.34 365232.10 76
7264062.20 365243.18 75
7263936.90 365272.30 77
7263814.85 365295.50 78
7263691.49 365316.15 83
7263568.11 365334.66 81
7263443.59 365350.37 83
7263321.54 365366.33 85
7263195.96 365387.48 88
7263074.28 365407.86 87
7262952.52 365428.08 89
7262828.51 365444.26 91
7262705.83 365464.85 95
7262578.85 365478.93 97
7262457.56 365500.40 98
7262331.31 365519.69 101
7262209.77 365541.96 102
7262087.12 365561.85 105
7261962.14 365583.70 107
7261837.85 365603.75 106
7261716.71 365619.43 108
7261590.81 365638.07 110
7261470.83 365659.93 113
7261346.44 365684.55 113
7261221.42 365700.78 115
7261098.38 365718.76 117
7260977.57 365739.50 120
7260851.58 365759.57 121
7260729.48 365777.12 122
7260603.17 365799.46 125
7260480.80 365816.62 124
7260360.28 365837.65 127
7260232.87 365852.44 127
7260111.27 365873.53 129
7259989.86 365895.17 131
7259863.13 365914.01 132
7259740.41 365932.55 133
7259617.61 365955.98 136
7259494.51 365975.28 135
7259369.00 365993.36 137
7259248.01 366013.16 139
7259121.79 366031.81 139
7259000.08 366051.03 141
7258876.75 366070.72 141
7258752.11 366082.39 144
7258628.17 366104.31 144
7258504.24 366128.20 146
7258381.79 366146.72 147
7258260.47 366166.88 147
7258134.54 366188.65 149
7258011.36 366205.49 147
7257887.11 366230.67 148
7257767.12 366244.50 149
7257642.80 366263.76 151
7257517.14 366282.27 152
7257393.94 366305.38 154
7257272.84 366323.75 151
7257146.49 366339.92 152
7271438.80 364084.39 7
7271314.42 364102.09 7
7271192.40 364120.50 10
7271069.48 364142.01 11
7270943.99 364158.25 10
7270819.04 364181.31 12
7270698.47 364201.71 13
7270573.05 364218.69 11
7270451.80 364239.98 8
7268087.83 363603.31 36
7268214.03 363587.62 34
7268331.65 363557.97 33
7268458.98 363536.40 33
7268582.63 363528.11 34
7268705.30 363506.89 40
7268827.54 363492.74 37
7268952.28 363467.24 38
7269077.36 363447.10 38
7269196.91 363418.06 40
7269323.55 363405.17 40
7269443.72 363388.61 38
7269572.71 363373.67 39
7269694.05 363351.61 38
7269815.00 363330.58 35
7269939.65 363311.65 34
7270065.90 363298.05 32
7270185.00 363258.49 29
7270307.33 363245.06 28
7270432.79 363232.58 26
7270556.85 363218.20 20
7270683.06 363207.42 20
7270802.66 363177.27 21
7270928.21 363149.61 21
7271050.61 363128.80 21
7271172.20 363112.51 18
7271298.74 363094.61 18
7271419.86 363072.20 17
7271542.65 363056.23 15
7271667.05 363035.81 15
7256852.08 365382.36 155
7256977.49 365353.42 155
7257097.98 365336.44 155
7257220.99 365313.91 153
7257348.13 365298.91 152
7257469.20 365273.76 151
7257596.09 365264.50 151
7257719.12 365240.35 150
7257839.25 365217.63 149
7257963.31 365205.58 148
7258088.82 365181.15 147
7258209.13 365156.93 146
7258333.76 365143.67 145
7258459.72 365119.33 143
7258581.29 365102.27 142
7258705.00 365084.99 141
7258827.07 365062.62 140
7258953.32 365053.99 138
7259076.75 365026.23 136
7259199.78 365007.95 135
7259322.38 364992.29 133
7259446.30 364971.51 131
7259568.85 364950.67 129
7259691.46 364930.13 128
7259816.77 364911.23 125
7259938.49 364892.75 124
7260063.97 364869.83 122
7260186.60 364847.15 119
7260311.74 364828.71 117
7260433.19 364815.11 115
7260554.87 364785.55 113
7260682.58 364770.02 111
7260804.49 364753.85 109
7260930.24 364739.61 107
7261049.69 364716.39 105
7261175.61 364691.54 103
7261299.13 364667.32 101
7261423.10 364656.18 100
7261544.83 364636.25 98
7261670.90 364614.69 97
7261792.57 364589.62 95
7261917.86 364584.01 94
7262040.85 364566.66 93
7262163.77 364536.81 92
7262286.17 364521.87 91
7262409.91 364499.19 90
7262531.38 364478.31 89
7262655.22 364457.10 87
7262778.75 364435.99 86
7262904.20 364421.40 85
7263025.21 364395.90 84
7263148.96 364383.11 83
7263274.50 364369.40 82
7263397.24 364343.84 81
7263519.88 364322.28 80
7263644.47 364308.39 79
7263766.81 364285.37 78
7263891.10 364262.71 77
7264013.49 364247.44 75
7264137.39 364232.84 74
7264261.41 364209.94 74
7264383.38 364187.28 74
7264506.99 364163.09 74
7264632.55 364150.30 70
7264755.49 364129.32 70
7264879.38 364108.87 69
7265002.39 364087.53 67
7265122.78 364062.81 66
7265248.33 364056.02 65
7265373.51 364030.54 64
7265493.90 364009.10 63
7265621.40 363994.70 62
7265743.69 363971.02 61
7265865.30 363948.39 60
7265989.26 363936.23 59
7266113.51 363917.37 57
7266238.58 363901.68 56
7266360.22 363875.17 55
7266482.86 363849.03 54
7266604.51 363828.34 52
7266729.14 363805.97 51
7266853.55 363794.82 50
7266977.06 363779.65 49
7267099.83 363757.50 47
7267223.74 363731.95 46
7267348.01 363713.23 45
7267472.65 363698.79 43
7267594.34 363674.49 42
7267716.54 363659.77 40
7267841.60 363632.99 39
7267965.62 363620.89 37
7271525.95 362048.70 16
7271405.63 362071.47 18
7271280.34 362080.54 19
7271155.33 362101.79 20
7271032.85 362125.64 22
7270907.05 362141.99 23
7270783.12 362162.10 25
7270662.59 362182.12 26
7270537.60 362198.87 28
7270412.70 362219.99 29
7270291.02 362237.44 31
7270168.23 362259.93 33
7270044.31 362281.80 34
7269920.64 362296.90 36
7269796.44 362321.61 37
7269672.18 362337.00 39
7269551.05 362356.95 39
7269428.42 362376.15 40
7269302.72 362392.02 41
7269178.97 362412.51 41
7269054.55 362429.92 41
7268933.44 362455.19 40
7268806.89 362467.75 39
7268685.97 362492.87 38
7268563.39 362517.64 40
7268439.47 362541.05 32
7268313.69 362552.30 23
7268193.99 362570.63 27
7268068.96 362592.32 30
7267947.25 362610.65 33
7267823.05 362634.55 34
7267696.68 362647.39 37
7267574.27 362671.07 38
7267453.49 362690.16 40
7267328.17 362710.06 42
7267202.93 362727.57 43
7267081.99 362747.82 45
7266957.50 362771.20 46
7266832.64 362785.53 48
7266711.38 362803.69 49
7266588.33 362832.26 50
7266464.98 362847.36 51
7266339.28 362867.28 53
7266216.10 362891.32 54
7266091.82 362903.93 55
7265967.62 362918.09 57
7265848.03 362940.86 58
7265722.53 362955.55 59
7265596.75 362977.70 60
7265474.58 362998.02 62
7265353.22 363021.63 63
7265228.74 363042.98 64
7265105.25 363069.86 65
7264980.69 363083.02 67
7264859.67 363101.04 68
7264733.05 363117.70 69
7264612.60 363138.55 70
7264488.24 363161.19 72
7264364.59 363175.13 73
7264243.08 363197.60 74
7264117.53 363216.11 75
7263996.83 363237.50 76
7263871.59 363252.69 77
7263745.55 363273.95 79
7263625.40 363295.79 80
7263498.71 363315.34 81
7263377.43 363332.95 82
7263251.34 363350.53 83
7263129.30 363370.35 84
7263005.01 363387.60 85
7262882.05 363409.82 86
7262758.67 363430.58 87
7262634.50 363447.85 88
7262510.23 363463.66 88
7262391.57 363489.53 89
7262268.57 363521.94 90
7262144.58 363527.81 91
7262021.17 363548.93 92
7261896.04 363569.56 93
7261771.63 363587.83 94
7261649.43 363602.69 95
7261525.53 363629.23 96
7261403.63 363644.24 97
7261278.70 363662.47 98
7261157.15 363686.53 99
7261029.46 363704.89 101
7260908.70 363722.40 102
7260781.46 363736.47 104
7260660.20 363758.79 106
7260535.38 363780.64 107
7260413.87 363803.95 109
7260292.44 363821.85 111
7260167.12 363843.83 113
7260045.95 363865.94 115
7259921.02 363886.21 117
7259797.66 363897.04 119
7259672.69 363915.36 123
7259548.25 363939.48 123
7259425.56 363960.31 126
7259303.07 363981.00 128
7259178.83 364003.89 129
7259056.74 364016.35 131
7258931.66 364037.29 133
7258806.88 364052.46 135
7258685.28 364075.14 136
7258560.95 364094.75 138
7258439.75 364114.07 140
7258316.09 364132.52 141
7258190.17 364151.28 142
7258066.74 364172.33 144
7257946.34 364192.09 145
7257822.71 364211.92 146
7257696.10 364228.95 147
7257576.54 364251.13 149
7257453.45 364273.87 149
7257327.60 364292.00 150
7257205.71 364309.58 152
7257080.25 364331.47 152
7256958.41 364348.51 153
7256835.13 364368.59 153
7256537.22 363402.91 153
7256661.55 363385.45 155
7256783.24 363354.75 152
7256910.39 363339.24 151
7257031.79 363319.31 150
7257155.12 363294.36 149
7257278.07 363282.39 148
7257403.33 363265.06 147
7257528.10 363245.94 146
7257652.55 363227.75 145
7257775.57 363207.14 145
7257895.93 363187.97 143
7258020.28 363169.66 142
7258144.71 363151.55 141
7258266.24 363130.34 143
7258392.00 363116.25 139
7258514.60 363092.53 137
7258639.36 363069.34 136
7258764.14 363051.03 135
7258882.80 363028.86 134
7259010.03 363013.77 133
7259131.80 362991.81 131
7259255.21 362965.02 131
7259378.22 362950.22 128
7259504.72 362934.40 126
7259625.03 362918.99 125
7259751.74 362897.75 123
7259876.03 362884.01 121
7259996.75 362863.25 120
7260116.91 362829.08 128
7260243.69 362816.58 116
7260367.01 362791.08 115
7260490.29 362775.62 113
7260612.86 362758.87 112
7260737.27 362739.49 110
7260861.78 362717.56 109
7260986.13 362702.29 108
7261106.50 362682.76 106
7261228.92 362657.88 105
7261353.83 362636.28 104
7261479.20 362624.08 102
7261604.37 362610.92 101
7261725.12 362581.96 100
7261846.08 362561.94 99
7261972.71 362547.08 97
7262095.40 362522.05 96
7262219.17 362506.41 95
7262344.16 362485.71 94
7262465.67 362468.47 93
7262590.76 362446.75 91
7262711.50 362425.88 90
7262836.59 362395.11 88
7262960.76 362385.07 87
7263083.49 362368.73 85
7263208.16 362347.92 84
7263329.89 362327.89 82
7263454.42 362308.10 81
7263575.19 362289.52 79
7263698.10 362262.19 78
7263825.38 362246.88 77
7263948.06 362232.62 75
7264069.08 362207.78 74
7264193.29 362184.21 72
7264317.99 362173.58 71
7264442.68 362155.60 70
7264564.59 362135.46 69
7264690.02 362119.39 67
7264810.14 362094.47 66
7264934.09 362072.17 65
7265059.59 362052.96 63
7265183.82 362033.89 62
7265304.30 362016.48 61
7265427.60 361999.21 60
7265552.31 361976.27 59
7265677.40 361956.71 58
7265799.98 361944.54 57
7265921.44 361916.71 57
7266046.30 361898.99 56
7266167.33 361872.88 55
7266295.53 361866.65 53
7266415.32 361841.02 51
7266540.63 361815.24 50
7266664.85 361802.32 47
7266786.60 361783.21 47
7266908.02 361758.02 45
7267035.99 361743.83 43
7267156.34 361725.54 41
7267281.98 361706.40 40
7267406.01 361680.74 38
7267529.65 361664.29 36
7267651.03 361642.13 33
7267773.10 361622.56 31
7267898.75 361608.51 27
7268021.11 361585.15 22
7268145.06 361564.94 39
7268270.25 361552.47 33
7268394.49 361535.50 33
7268514.84 361514.62 36
7268636.89 361488.30 37
7268763.95 361470.32 40
7268887.85 361447.18 44
7269006.62 361426.77 41
7269133.30 361411.49 36
7269257.65 361396.88 36
7269382.12 361373.21 32
7269502.63 361357.30 42
7269626.26 361325.71 39
7269750.56 361315.67 41
7269875.15 361297.32 39
7269995.84 361274.17 36
7270117.87 361248.66 34
7270241.87 361233.77 32
7270369.16 361222.78 31
7270492.20 361196.43 29
7270612.77 361172.00 27
7270735.30 361151.58 25
7270860.64 361140.61 23
7270985.15 361118.98 21
7271106.91 361097.87 19
7271232.54 361081.51 18
7271357.52 361060.30 16
7271215.42 360069.25 15
7271089.93 360088.77 16
7270968.18 360105.64 18
7270845.66 360128.20 20
7270720.98 360151.23 21
7270595.19 360166.80 23
7270473.70 360182.56 25
7270349.57 360199.89 28
7270226.19 360227.46 33
7270101.36 360247.34 30
7269980.32 360261.59 31
7269856.37 360283.22 33
7269732.28 360303.87 32
7269610.63 360321.36 34
7269486.32 360344.82 38
7269361.62 360364.86 40
7269236.96 360384.61 43
7269117.00 360403.99 40
7268991.02 360420.30 34
7268867.21 360439.77 34
7268742.65 360462.27 33
7268620.93 360476.67 38
7268499.82 360507.78 41
7268375.72 360523.00 40
7268252.90 360538.30 41
7268125.61 360557.48 42
7268002.46 360580.72 44
7267882.65 360598.19 41
7267757.11 360617.80 38
7267632.84 360638.23 37
7267511.23 360657.66 42
7267385.58 360668.99 25
7267264.22 360692.94 27
7267141.22 360715.14 37
7267018.35 360737.52 40
7266894.43 360754.74 41
7266770.40 360770.78 43
7266646.00 360786.72 44
7266522.90 360807.58 46
7266397.31 360834.31 47
7266277.45 360852.93 48
7266153.54 360867.52 49
7266030.48 360891.09 50
7265905.24 360907.85 51
7265779.47 360922.08 53
7265655.39 360939.72 54
7265533.59 360963.21 56
7265411.14 360983.78 57
7265287.07 361004.34 58
7265162.60 361027.71 60
7265042.16 361049.08 61
7264917.29 361060.89 62
7264792.19 361080.56 63
7264671.63 361101.61 65
7264546.82 361123.03 66
7264422.64 361142.21 68
7264301.67 361164.77 69
7264176.64 361179.67 70
7264052.14 361202.04 72
7263927.76 361216.13 73
7263804.03 361240.01 75
7263679.75 361256.55 76
7263558.13 361287.14 78
7263434.14 361297.57 79
7263310.13 361315.71 80
7263186.57 361336.08 86
7263062.61 361355.19 85
7262943.21 361374.67 87
7262819.64 361394.91 89
7262693.19 361419.13 89
7262572.87 361436.09 91
7262448.72 361453.29 93
7262323.79 361472.31 94
7262202.74 361493.83 96
7262077.53 361517.32 97
7261955.54 361536.96 99
7261830.12 361553.45 100
7261708.58 361573.07 102
7261585.37 361595.13 103
7261462.02 361617.57 104
7261336.93 361630.30 105
7261212.24 361646.86 107
7261088.61 361670.57 108
7260966.01 361697.81 110
7260845.09 361714.26 112
7260718.68 361735.37 113
7260597.28 361747.84 115
7260470.62 361763.33 116
7260349.36 361784.51 118
7260224.65 361800.22 119
7260100.62 361825.72 121
7259980.82 361849.54 122
7259855.84 361865.41 124
7259730.09 361883.51 125
7259609.62 361906.38 127
7259483.33 361926.74 128
7259361.30 361939.70 129
7259237.08 361969.71 130
7259116.37 361983.74 132
7258987.95 361994.72 133
7258868.61 362017.96 135
7258745.08 362039.05 135
7258619.28 362052.86 137
7258495.70 362076.20 138
7258375.77 362104.80 139
7258249.01 362126.32 140
7258125.45 362135.06 140
7258002.72 362152.18 140
7257879.97 362182.94 141
7257754.33 362196.29 142
7257630.78 362217.88 143
7257508.73 362235.41 144
7257386.09 362250.99 145
7257260.53 362276.59 147
7257136.99 362296.08 148
7257014.08 362313.09 148
7256893.06 362335.83 149
7256766.61 362351.78 150
7256645.24 362370.65 151
7256522.70 362389.17 152
7256228.11 361430.32 153
7256351.25 361406.06 152
7256478.26 361384.30 152
7256601.84 361369.45 152
7256726.08 361350.46 150
7256847.78 361330.50 150
7256969.92 361309.94 148
7257092.38 361284.39 147
7257216.78 361267.38 146
7257340.15 361253.06 145
7257463.95 361235.62 144
7257588.68 361210.27 143
7257709.65 361192.40 142
7257832.78 361173.36 141
7257955.79 361146.43 140
7258082.17 361137.43 139
7258206.00 361112.66 138
7258328.41 361094.95 136
7258449.97 361073.67 136
7258575.41 361047.15 137
7258700.28 361038.03 134
7258823.74 361019.49 133
7258945.85 361000.02 131
7259070.41 360981.84 130
7259192.62 360957.40 129
7259316.14 360943.15 128
7259437.31 360911.58 126
7259561.23 360898.16 125
7259685.79 360869.56 124
7259808.16 360855.12 122
7259932.67 360841.22 121
7260057.42 360818.53 120
7260181.62 360798.32 118
7260304.22 360783.47 116
7260424.94 360755.60 115
7260550.49 360735.80 113
7260674.32 360726.54 111
7260797.72 360705.86 109
7260921.60 360680.84 108
7261044.72 360649.92 106
7261167.16 360638.39 104
7261292.32 360622.50 102
7261413.92 360602.53 100
7261540.50 360584.12 101
7261662.29 360572.79 101
7261784.38 360542.24 101
7261907.20 360529.00 100
7262034.82 360519.71 97
7262157.22 360486.58 95
7262279.92 360469.76 93
7262404.03 360449.48 91
7262528.49 360431.29 89
7262651.15 360412.22 87
7262773.07 360396.36 88
7262900.08 360379.10 87
7263020.10 360355.20 83
7263141.65 360331.43 82
7263266.21 360306.66 80
7263389.63 360292.64 78
7263513.29 360277.12 76
7263638.59 360258.89 75
7263761.09 360237.13 73
7263886.37 360215.64 72
7264006.59 360199.17 70
7264133.09 360175.07 69
7264254.45 360155.79 67
7264379.53 360135.98 66
7264499.24 360110.25 64
7264624.48 360093.07 63
7264746.90 360075.50 61
7264873.46 360059.08 60
7264994.27 360041.71 58
7265120.46 360028.59 57
7265245.14 360006.96 55
7265368.19 359982.68 54
7265491.23 359959.00 52
7265614.08 359939.31 51
7265735.34 359919.72 50
7265861.51 359901.49 48
7265984.27 359887.94 46
7266108.66 359867.96 43
7266229.72 359847.05 38
7266352.89 359826.38 32
7266475.39 359804.06 21
7266598.89 359784.72 22
7266723.06 359762.00 16
7266847.73 359749.97 13
7266972.43 359725.58 31
7267095.13 359706.45 22
7267216.49 359685.42 23
7267343.76 359670.38 23
7267466.26 359646.58 28
7267589.34 359627.68 28
7267710.00 359611.74 34
7267835.04 359589.09 42
7267957.37 359563.59 42
7268083.85 359552.32 44
7268205.85 359534.75 43
7268328.07 359513.86 44
7268451.12 359493.79 37
7268577.62 359479.93 41
7268697.95 359455.99 39
7268822.49 359433.45 37
7268946.97 359420.00 45
7269072.61 359398.09 40
7269191.74 359375.65 37
7269317.42 359356.36 31
7269442.40 359338.59 22
7269563.29 359320.80 41
7269688.81 359301.34 33
7269811.33 359280.18 37
7269935.96 359257.11 32
7270058.61 359241.47 29
7270182.14 359219.25 26
7270304.61 359200.00 24
7270427.31 359178.54 23
7270551.95 359160.40 23
7270674.33 359147.90 22
7270796.87 359122.22 21
7270923.72 359100.25 18
7271043.89 359086.32 16
7270903.20 358091.10 15
7270779.44 358116.00 16
7270653.52 358130.48 20
7270530.15 358147.96 20
7270405.38 358166.81 23
7270282.82 358186.20 25
7270159.44 358206.87 22
7270038.39 358225.84 27
7269914.70 358247.60 21
7269788.97 358268.34 24
7269667.39 358290.47 26
7269543.71 358309.71 30
7269421.57 358325.48 34
7269294.40 358346.62 39
7269172.34 358365.11 37
7269051.63 358388.84 37
7268925.81 358406.73 44
7268800.29 358422.96 36
7268679.25 358444.72 37
7268554.14 358462.57 43
7268433.01 358479.84 48
7268309.35 358504.23 48
7268184.54 358524.56 44
7268060.26 358545.54 49
7267940.11 358563.55 44
7267815.66 358584.80 47
7267689.63 358602.83 46
7267566.92 358623.22 48
7267444.10 358639.52 48
7267322.80 358662.84 49
7267196.12 358682.16 49
7267073.33 358698.07 50
7266951.14 358717.00 50
7266824.88 358736.54 51
7266703.47 358757.28 55
7266578.59 358777.83 54
7266457.95 358795.18 54
7266333.51 358814.42 47
7266210.38 358833.27 45
7266087.28 358854.66 53
7265960.73 358874.22 54
7265841.09 358899.65 32
7265719.07 358918.91 42
7265593.72 358934.63 51
7265470.98 358954.32 52
7265343.48 358972.96 54
7265224.45 358992.29 55
7265100.04 359008.85 57
7264974.26 359035.20 58
7264849.31 359046.64 60
7264730.50 359070.13 59
7264603.99 359091.66 61
7264480.94 359109.62 62
7264357.79 359129.31 64
7264234.48 359146.19 65
7264111.86 359171.79 66
7263985.89 359188.00 70
7263862.67 359207.35 72
7263739.40 359226.39 72
7263615.56 359248.84 73
7263492.72 359261.61 74
7263371.58 359284.00 74
7263246.81 359303.29 76
7263122.14 359322.33 78
7262997.97 359342.18 80
7262875.30 359363.91 84
7262754.50 359382.63 86
7262628.44 359402.19 86
7262506.68 359419.39 86
7262384.10 359439.10 86
7262260.93 359461.67 87
7262138.12 359486.01 95
7262014.34 359502.05 91
7261890.37 359520.43 95
7261766.27 359539.17 100
7261641.05 359560.42 94
7261519.85 359577.24 95
7261396.57 359600.67 97
7261270.83 359618.82 99
7261148.83 359635.02 101
7261026.27 359655.62 103
7260900.69 359683.11 105
7260777.42 359698.79 107
7260655.99 359716.61 109
7260528.86 359734.05 110
7260408.91 359752.39 112
7260282.31 359772.94 113
7260159.38 359790.59 115
7260037.41 359809.61 117
7259911.70 359825.69 118
7259791.64 359852.76 120
7259667.84 359873.83 121
7259545.13 359894.23 122
7259417.12 359909.20 123
7259297.82 359932.65 124
7259172.76 359945.86 124
7259049.86 359969.35 125
7258927.21 359986.55 125
7258801.02 360012.22 126
7258678.73 360027.50 127
7258556.80 360045.69 128
7258430.26 360064.03 129
7258309.08 360082.35 129
7258185.21 360104.22 130
7258059.96 360124.17 132
7257937.67 360146.66 133
7257813.87 360157.93 134
7257690.85 360181.17 136
7257568.41 360202.50 137
7257441.80 360219.06 139
7257318.45 360239.03 140
7257194.21 360255.27 142
7257074.27 360277.82 144
7256949.39 360299.24 146
7256823.62 360313.47 147
7256702.81 360342.63 148
7256577.64 360360.06 150
7256453.77 360375.51 150
7256333.40 360396.48 151
7256208.17 360416.53 152
7255913.79 359459.60 152
7256041.05 359439.64 151
7256161.76 359414.79 150
7256284.89 359394.38 149
7256409.43 359369.79 149
7256533.65 359354.19 148
7256656.04 359332.75 146
7256779.01 359318.83 145
7256903.10 359297.11 144
7257026.92 359273.83 142
7257148.67 359255.38 140
7257273.54 359232.55 138
7257396.66 359217.15 136
7257519.88 359204.42 135
7257643.82 359182.47 134
7257765.57 359158.95 133
7257888.95 359138.52 132
7258013.90 359118.54 131
7258135.23 359100.29 130
7258260.10 359081.22 129
7258383.25 359060.34 128
7258509.08 359039.96 127
7258629.37 359022.12 126
7258754.11 359003.68 125
7258878.08 358980.38 125
7259000.89 358965.98 124
7259126.76 358955.46 123
7259248.26 358923.28 122
7259373.01 358904.31 121
7259496.29 358887.13 120
7259619.43 358872.19 119
7259740.42 358846.29 117
7259866.44 358826.11 116
7259990.32 358806.17 115
7260111.71 358788.83 113
7260237.38 358769.89 111
7260357.89 358744.38 110
7260484.69 358732.75 108
7260604.87 358700.92 106
7260730.91 358684.09 105
7260851.34 358664.73 103
7260978.21 358654.67 101
7261098.57 358627.23 98
7261224.45 358609.52 97
7261346.23 358590.65 95
7261467.76 358565.59 93
7261596.17 358555.60 91
7261717.77 358533.49 94
7261838.76 358511.15 91
7261964.43 358491.80 88
7262087.29 358475.00 92
7262209.77 358456.56 85
7262333.63 358431.90 83
7262458.81 358414.42 82
7262582.02 358392.87 80
7262704.79 358375.46 77
7262829.61 358355.06 79
7262952.51 358335.20 76
7263076.81 358321.67 76
7263201.26 358303.09 76
7263320.19 358277.50 74
7263443.73 358257.72 73
7263569.98 358242.22 71
7263694.52 358219.37 69
7263817.60 358200.67 68
7263939.60 358180.48 67
7264063.23 358168.31 65
7264186.69 358143.56 64
7264308.60 358114.33 63
7264431.58 358102.54 62
7264555.80 358087.06 60
7264680.49 358067.09 59
7264806.11 358046.42 58
7264925.43 358025.19 56
7265049.10 358005.03 55
7265173.28 357985.12 45
7265299.19 357973.21 34
7265423.05 357947.68 60
7265542.83 357927.49 62
7265666.73 357906.68 60
7265794.17 357892.81 58
7265913.80 357868.01 57
7266037.12 357850.91 56
7266163.30 357829.01 55
7266285.44 357812.25 53
7266408.76 357792.54 51
7266532.13 357772.67 49
7266654.07 357751.80 47
7266779.66 357729.25 45
7266902.72 357713.58 42
7267027.81 357690.36 42
7267150.53 357678.30 45
7267273.80 357653.53 46
7267398.63 357636.20 44
7267520.00 357617.78 43
7267645.09 357598.11 42
7267768.00 357575.65 40
7267892.34 357559.12 39
7268014.49 357540.09 38
7268139.60 357521.54 36
7268261.41 357498.26 34
7268385.97 357475.28 51
7268507.70 357459.39 46
7268632.07 357443.15 47
7268754.71 357425.41 44
7268877.66 357402.84 40
7269003.51 357389.25 37
7269127.48 357360.52 34
7269248.48 357342.60 31
7269374.36 357323.48 28
7269494.38 357304.36 38
7269619.86 357287.85 28
7269743.32 357266.38 24
7269864.91 357244.13 28
7269989.21 357224.51 25
7270112.45 357203.22 24
7270234.66 357186.82 23
7270358.57 357168.95 22
7270482.58 357146.73 20
7270608.92 357136.06 18
7270730.72 357106.88 17
7270589.16 356116.42 21
7270464.29 356136.22 24
7270339.26 356155.62 22
7270219.11 356176.66 24
7270092.71 356193.54 24
7269968.96 356219.05 25
7269848.05 356238.69 29
7269723.36 356253.60 29
7269600.05 356274.19 30
7269478.95 356296.55 31
7269355.88 356322.77 35
7269229.60 356338.07 40
7269105.62 356353.03 37
7268984.12 356370.24 40
7268858.21 356390.23 39
7268738.34 356414.61 33
7268612.04 356435.37 34
7268490.30 356447.80 35
7268363.92 356462.93 37
7268242.02 356478.74 37
7268118.50 356509.55 39
7267996.49 356529.51 39
7267871.49 356544.97 40
7267746.86 356567.45 42
7267624.48 356588.58 45
7267501.39 356605.50 38
7267375.62 356622.11 39
7267254.90 356644.58 40
7267129.65 356669.24 42
7267006.40 356687.10 44
7266885.48 356703.63 44
7266759.92 356724.11 45
7266635.46 356744.00 46
7266513.32 356760.79 48
7266387.74 356779.89 49
7266265.32 356792.40 50
7266141.71 356821.25 52
7266019.22 356844.00 53
7265896.62 356855.21 55
7265772.08 356876.01 59
7265647.49 356899.58 60
7265527.93 356928.80 60
7265404.21 356939.62 60
7265279.55 356954.61 60
7265156.96 356976.05 66
7265031.18 357000.05 61
7264908.62 357019.37 52
7264783.74 357036.94 40
7264662.88 357059.82 55
7264539.69 357075.13 57
7264416.43 357096.68 59
7264292.57 357114.32 61
7264166.93 357137.79 60
7264043.14 357151.48 64
7263920.12 357170.35 65
7263798.57 357193.80 67
7263671.51 357210.71 69
7263548.76 357228.06 70
7263428.26 357248.38 72
7263302.11 357270.62 74
7263180.35 357297.51 74
7263057.00 357311.95 70
7262933.53 357325.24 72
7262810.32 357343.62 74
7262684.41 357367.71 76
7262561.51 357389.88 79
7262438.35 357411.09 80
7262315.50 357424.32 77
7262192.98 357441.77 79
7262070.47 357463.76 82
7261945.81 357484.01 83
7261822.35 357502.96 86
7261699.82 357521.12 89
7261573.01 357540.20 89
7261450.01 357560.22 91
7261328.37 357586.71 93
7261207.07 357608.71 94
7261080.60 357624.28 96
7260958.89 357646.23 98
7260833.90 357656.58 100
7260710.34 357678.72 102
7260588.58 357705.27 103
7260465.59 357722.29 105
7260341.84 357735.92 107
7260215.64 357760.64 109
7260092.59 357774.82 110
7259970.46 357797.20 112
7259846.94 357814.57 114
7259722.84 357835.29 115
7259598.97 357863.38 117
7259475.06 357875.11 118
7259353.70 357899.50 119
7259229.38 357913.39 121
7259105.30 357937.26 122
7258983.51 357961.67 123
7258858.58 357977.23 123
7258735.76 357985.61 124
7258610.89 358007.53 125
7258489.85 358033.43 126
7258366.44 358053.42 127
7258241.86 358075.35 128
7258117.66 358091.05 128
7257995.15 358111.66 129
7257868.35 358126.30 130
7257747.80 358147.32 131
7257625.58 358171.33 132
7257499.47 358185.68 134
7257377.40 358202.88 135
7257254.66 358224.89 136
7257130.17 358244.22 137
7257005.50 358268.61 139
7256880.99 358284.49 140
7256760.95 358301.67 142
7256636.21 358330.58 144
7256512.26 358347.27 145
7256388.79 358365.30 146
7256264.11 358381.78 148
7256144.66 358404.21 149
7256018.96 358429.29 149
7255893.86 358441.07 150
7255601.22 357477.14 162
7255725.07 357458.71 154
7255848.80 357436.76 149
7255971.73 357418.02 150
7256096.63 357397.32 147
7256219.54 357377.86 146
7256343.54 357361.16 145
7256465.64 357335.96 143
7256588.60 357318.11 141
7256714.12 357303.70 140
7256838.34 357280.78 138
7256962.36 357259.60 137
7257085.16 357243.16 134
7257208.77 357227.70 134
7257330.63 357200.71 134
7257456.29 357181.71 131
7257577.54 357170.23 131
7257703.52 357145.55 130
7257824.58 357125.62 129
7257948.47 357105.69 128
7258070.94 357086.75 127
7258196.59 357065.47 127
7258319.90 357048.16 127
7258442.50 357027.97 125
7258565.15 357007.40 125
7258691.84 356997.11 124
7258814.03 356973.21 123
7258935.59 356950.66 122
7259058.56 356929.24 121
7259182.95 356911.78 120
7259309.07 356891.62 118
7259428.81 356872.65 117
7259553.90 356854.21 115
7259677.56 356834.26 114
7259801.74 356812.44 112
7259923.67 356790.55 110
7260046.32 356776.02 109
7260171.25 356760.72 107
7260293.06 356733.48 105
7260419.05 356713.50 103
7260544.16 356706.72 101
7260665.80 356680.94 100
7260786.87 356655.83 98
7260912.76 356641.48 96
7261035.88 356622.54 94
7261159.17 356601.08 92
7261282.38 356581.95 91
7261407.09 356556.58 89
7261529.98 356546.49 88
7261651.89 356507.03 85
7261773.85 356494.93 83
7261902.22 356487.50 81
7262025.71 356464.68 86
7262144.33 356438.65 82
7262272.29 356426.78 80
7262393.43 356404.07 78
7262518.28 356385.84 76
7262639.47 356366.87 75
7262763.28 356342.08 78
7262889.60 356326.42 77
7263008.66 356301.45 75
7263132.74 356286.34 73
7263256.66 356261.55 74
7263381.59 356247.71 71
7263504.13 356228.66 69
7263628.24 356205.61 65
7263749.34 356184.12 63
7263874.37 356169.02 63
7264000.02 356152.54 60
7264123.18 356136.52 59
7264245.30 356098.54 57
7264369.50 356087.47 52
7264491.31 356072.86 69
7264617.55 356057.06 66
7264739.33 356035.64 68
7264863.45 356011.95 66
7264986.01 355996.10 62
7265109.16 355969.88 60
7265234.92 355949.39 62
7265357.25 355936.18 61
7265478.51 355912.96 57
7265603.81 355895.68 55
7265729.02 355878.07 51
7265852.79 355857.33 53
7265975.27 355832.40 48
7266096.35 355812.48 47
7266222.36 355792.02 45
7266345.44 355778.84 44
7266466.55 355759.29 43
7266593.18 355740.40 40
7266713.27 355720.03 40
7266837.51 355696.91 39
7266963.13 355678.07 38
7267086.03 355659.29 43
7267206.91 355632.75 42
7267331.40 355620.38 41
7267454.06 355600.95 40
7267581.09 355586.93 41
7267704.72 355562.89 38
7267824.32 355542.32 37
7267949.54 355525.27 36
7268072.36 355506.75 37
7268196.38 355484.51 39
7268317.80 355462.44 38
7268442.52 355437.20 40
7268568.54 355428.82 29
7268691.95 355412.32 41
7268813.22 355390.08 38
7268935.99 355369.87 35
7269062.23 355347.74 36
7269185.84 355326.05 36
7269309.86 355309.38 36
7269433.47 355292.55 33
7269553.84 355272.55 31
7269676.45 355246.87 29
7269801.19 355223.17 28
7269927.82 355215.53 26
7270047.72 355189.42 24
7270171.25 355170.59 22
7270295.23 355152.28 20
7270420.33 355135.16 18
7270280.77 354146.99 17
7270156.11 354160.23 19
7270031.38 354178.68 21
7269906.03 354200.43 23
7269782.31 354217.35 25
7269659.11 354236.97 27
7269538.25 354258.07 28
7269413.10 354278.94 31
7269292.25 354297.35 30
7269169.35 354319.78 31
7269045.81 354339.82 32
7268919.23 354358.03 34
7268796.39 354377.23 36
7268671.35 354395.22 37
7268549.86 354409.29 37
7268427.74 354432.57 37
7268304.08 354456.80 39
7268178.58 354475.51 40
7268055.60 354489.24 42
7267933.30 354514.87 44
7267808.40 354536.14 44
7267688.05 354556.36 46
7267562.37 354572.29 48
7267439.22 354591.07 51
7267315.90 354612.78 48
7267191.28 354635.39 51
7267066.60 354653.30 49
7266943.64 354670.44 53
7266819.28 354690.11 50
7266698.68 354707.00 45
7266574.49 354724.77 45
7266451.91 354749.57 36
7266327.23 354772.65 37
7266204.98 354787.10 40
7266078.84 354801.63 41
7265956.29 354823.27 43
7265834.83 354842.51 46
7265712.42 354867.87 46
7265588.25 354888.19 48
7265461.74 354906.08 50
7265342.20 354926.70 55
7265215.94 354945.50 55
7265093.66 354962.96 59
7264968.20 354981.28 63
7264845.63 355002.56 64
7264722.25 355025.30 63
7264600.97 355043.18 62
7264476.48 355064.21 61
7264351.94 355081.59 62
7264230.00 355097.89 59
7264105.87 355117.84 52
7263982.53 355138.64 46
7263859.32 355156.86 59
7263732.83 355178.00 60
7263609.98 355196.81 61
7263487.14 355213.92 67
7263362.98 355226.44 63
7263237.71 355246.67 71
7263115.92 355279.39 72
7262994.28 355295.07 74
7262869.98 355312.33 79
7262746.19 355335.85 75
7262624.98 355351.06 77
7262500.03 355372.09 82
7262378.59 355393.86 80
7262254.78 355414.74 77
7262128.17 355432.73 79
7262003.92 355450.23 82
7261883.53 355471.45 86
7261758.50 355488.42 85
7261635.11 355512.01 88
7261511.80 355535.91 86
7261391.48 355555.59 88
7261267.64 355569.57 89
7261142.09 355591.65 91
7261017.88 355610.87 92
7260893.53 355628.90 94
7260772.41 355643.27 96
7260645.50 355649.99 98
7260523.01 355668.62 100
7260401.13 355706.51 102
7260277.85 355724.33 104
7260155.80 355747.61 105
7260028.96 355760.30 107
7259907.97 355779.34 108
7259784.13 355803.35 110
7259658.12 355818.31 112
7259535.87 355836.75 113
7259413.98 355861.88 115
7259290.05 355884.97 117
7259165.62 355904.19 118
7259042.77 355925.32 120
7258919.85 355939.37 121
7258798.02 355959.40 122
7258674.00 355975.43 123
7258549.79 355995.77 124
7258427.28 356015.19 125
7258302.16 356037.30 126
7258178.67 356061.93 127
7258053.02 356074.92 129
7257929.45 356093.77 130
7257807.21 356113.64 130
7257684.06 356134.39 132
7257560.04 356156.67 132
7257437.07 356173.34 133
7257314.66 356196.22 134
7257193.03 356213.12 135
7257070.13 356236.97 136
7256943.10 356251.46 137
7256822.27 356272.88 138
7256695.92 356290.15 139
7256574.09 356310.22 140
7256449.97 356330.79 142
7256325.39 356351.43 142
7256200.98 356369.39 144
7256081.27 356391.13 145
7255956.17 356408.40 146
7255831.06 356423.10 146
7255711.20 356450.16 147
7255586.98 356464.36 148
7255292.37 355505.18 148
7255416.00 355482.45 147
7255539.82 355460.17 146
7255663.59 355439.94 146
7255788.78 355417.83 145
7255913.17 355404.96 144
7256033.67 355383.05 143
7256156.51 355362.87 143
7256282.86 355342.72 142
7256403.56 355326.66 141
7256527.26 355304.36 141
7256653.06 355281.60 140
7256774.60 355265.29 139
7256899.80 355243.56 138
7257022.29 355225.78 138
7257144.28 355202.55 137
7257269.94 355184.25 136
7257393.49 355169.99 135
7257518.16 355152.47 134
7257638.24 355129.48 133
7257761.40 355112.35 131
7257885.07 355084.75 130
7258008.33 355069.66 129
7258133.67 355048.03 128
7258257.45 355027.66 127
7258379.74 355005.77 125
7258505.18 354989.76 124
7258626.29 354971.38 123
7258752.08 354954.75 123
7258874.36 354934.78 121
7258998.73 354916.48 120
7259122.71 354894.56 119
7259242.47 354872.87 118
7259370.73 354862.15 116
7259493.61 354840.51 115
7259615.32 354814.54 113
7259740.48 354798.81 111
7259861.45 354777.17 109
7259983.99 354758.08 107
7260106.40 354734.35 106
7260229.25 354711.87 104
7260352.69 354693.35 102
7260480.55 354683.12 100
7260603.39 354664.28 100
7260723.88 354633.95 96
7260848.50 354623.37 95
7260971.52 354601.27 92
7261096.77 354578.41 92
7261219.09 354559.28 91
7261343.36 354546.36 89
7261465.67 354517.78 87
7261589.19 354502.94 84
7261716.24 354490.57 82
7261834.91 354461.53 81
7261959.01 354440.45 82
7262084.20 354428.87 83
7262205.51 354405.41 81
7262329.18 354387.55 79
7262452.56 354365.57 82
7262575.52 354342.77 78
7262698.71 354323.46 76
7262822.31 354303.14 73
7262949.31 354303.00 67
7263075.76 354297.00 69
7263194.64 354254.33 65
7263318.12 354233.20 65
7263440.29 354210.55 63
7263563.43 354188.35 59
7263689.85 354166.36 36
7263814.51 354151.42 64
7263936.13 354131.68 64
7264057.71 354114.27 68
7264183.38 354097.20 68
7264308.93 354077.34 67
7264432.64 354059.04 65
7264552.04 354037.64 63
7264677.67 354011.39 60
7264797.63 353989.85 57
7264925.15 353989.07 55
7265049.75 353962.03 53
7265173.22 353939.93 50
7265294.42 353921.76 49
7265416.65 353897.37 45
7265540.48 353869.14 47
7265664.52 353863.81 42
7265789.11 353843.17 39
7265909.92 353818.33 38
7266033.62 353794.98 37
7266158.84 353782.19 41
7266282.01 353761.03 43
7266404.52 353742.30 46
7266528.63 353719.87 48
7266651.50 353706.23 45
7266775.44 353685.39 48
7266899.48 353663.06 39
7267022.61 353646.69 42
7267144.83 353626.95 43
7267269.41 353605.25 46
7267393.74 353592.26 42
7267517.42 353576.52 53
7267640.42 353554.03 49
7267762.25 353527.78 47
7267885.23 353509.46 44
7268009.72 353491.34 45
7268133.40 353470.55 44
7268256.09 353450.54 45
7268382.01 353434.66 42
7268505.07 353412.08 40
7268627.05 353393.29 38
7268753.14 353372.46 37
7268874.00 353351.81 36
7268998.69 353330.55 33
7269122.66 353311.69 31
7269245.37 353296.21 30
7269368.59 353272.70 28
7269492.51 353257.56 26
7269615.53 353232.59 24
7269739.02 353213.53 22
7269864.35 353200.44 21
7269987.52 353180.14 19
7270109.04 353157.25 18
7269966.29 352164.83 18
7269841.80 352182.14 19
7269717.46 352206.32 21
7269595.85 352227.09 22
7269472.36 352242.81 24
7269347.73 352260.59 26
7269221.36 352276.32 27
7269102.36 352303.63 29
7268978.88 352324.45 31
7268855.62 352346.05 33
7268730.55 352363.33 35
7268608.47 352380.98 37
7268481.78 352399.86 39
7268359.35 352416.23 41
7268234.09 352437.93 43
7268110.84 352456.28 45
7267987.02 352475.69 46
7267866.21 352497.51 48
7267744.02 352518.28 48
7267618.23 352539.35 50
7267494.73 352556.93 50
7267372.20 352574.09 52
7267249.58 352593.71 49
7267123.52 352617.46 42
7266999.70 352632.34 41
7266878.92 352655.29 41
7266753.28 352673.50 41
7266632.06 352687.83 41
7266507.40 352717.32 43
7266385.79 352733.28 46
7266258.78 352750.26 47
7266137.82 352771.33 45
7266011.67 352789.54 41
7265888.35 352807.28 42
7265766.88 352833.14 44
7265644.40 352850.09 48
7265517.87 352868.51 45
7265395.21 352882.64 44
7265271.19 352907.32 45
7265150.42 352927.08 48
7265025.08 352947.80 50
7264902.60 352966.34 50
7264778.19 352985.96 52
7264657.85 353008.13 55
7264531.39 353027.39 59
7264409.65 353047.27 56
7264287.21 353064.10 60
7264162.09 353081.14 64
7264037.89 353100.49 64
7263914.05 353128.29 64
7263793.05 353143.00 62
7263667.46 353153.85 66
7263543.22 353175.67 69
7263421.75 353198.31 65
7263296.41 353222.65 42
7263174.79 353240.55 60
7263050.79 353261.03 66
7262925.84 353280.31 69
7262803.46 353299.71 70
7262682.19 353324.38 72
7262556.19 353345.35 74
7262433.79 353362.64 76
7262310.63 353380.17 80
7262184.90 353392.93 82
7262061.27 353404.93 84
7261940.25 353438.08 88
7261817.30 353457.10 84
7261692.71 353479.48 85
7261570.76 353500.58 87
7261444.56 353518.69 86
7261322.30 353542.22 88
7261197.65 353554.81 89
7261076.63 353576.50 91
7260950.46 353595.31 92
7260827.75 353617.62 94
7260706.30 353642.45 96
7260581.15 353650.22 97
7260459.85 353677.04 99
7260333.48 353689.89 103
7260211.52 353715.04 103
7260089.21 353732.23 104
7259964.00 353751.77 106
7259842.32 353770.42 108
7259716.21 353791.93 109
7259594.16 353811.34 111
7259470.25 353828.22 112
7259346.69 353849.29 115
7259221.46 353867.45 116
7259100.82 353885.64 118
7258976.82 353905.67 119
7258851.86 353926.31 121
7258732.32 353951.53 122
7258606.60 353962.69 123
7258482.24 353979.65 124
7258357.59 353994.47 125
7258236.27 354025.64 126
7258114.31 354052.64 128
7257988.27 354061.69 129
7257862.75 354076.31 129
7257740.54 354097.21 130
7257618.73 354119.13 132
7257494.39 354141.85 133
7257369.60 354161.17 134
7257250.44 354181.01 135
7257127.59 354207.56 135
7257002.29 354223.00 136
7256881.52 354249.94 138
7256752.68 354255.85 138
7256631.12 354274.93 139
7256507.22 354294.00 139
7256384.83 354315.29 140
7256260.46 354335.47 141
7256136.62 354349.08 141
7256013.35 354368.66 141
7255891.35 354389.90 141
7255766.42 354414.58 142
7255642.10 354435.08 143
7255519.55 354447.83 143
7255394.09 354466.27 144
7255272.77 354490.35 145
7254975.86 353532.73 148
7255099.09 353498.44 147
7255224.70 353484.38 151
7255345.04 353461.99 146
7255470.03 353443.64 147
7255594.20 353427.05 145
7255717.96 353412.58 143
7255839.46 353386.95 143
7255963.08 353368.30 142
7256087.89 353351.73 141
7256210.48 353334.22 140
7256335.28 353313.26 139
7256458.06 353289.30 139
7256581.20 353269.83 138
7256706.60 353250.63 137
7256829.46 353238.09 137
7256953.13 353221.51 136
7257076.36 353195.76 136
7257198.40 353170.57 135
7257322.88 353156.01 134
7257443.83 353132.89 133
7257566.74 353104.49 132
7257692.48 353100.68 130
7257815.87 353079.06 129
7257942.14 353057.65 128
7258061.24 353034.38 127
7258184.83 353017.21 126
7258312.46 353013.69 124
7258435.19 352989.66 123
7258557.23 352958.36 122
7258682.28 352936.56 121
7258804.85 352918.49 119
7258929.65 352904.54 117
7259052.64 352878.13 116
7259175.20 352854.96 114
7259299.43 352841.91 113
7259420.19 352826.08 111
7259544.03 352792.79 111
7259666.85 352780.84 107
7259794.50 352767.75 106
7259913.92 352745.22 104
7260039.96 352723.17 103
7260160.60 352706.16 101
7260288.50 352691.52 99
7260407.48 352663.70 97
7260532.69 352647.77 96
7260655.37 352628.22 94
7260778.40 352606.31 93
7260904.82 352587.26 92
7261025.45 352569.60 91
7261148.81 352550.61 92
7261273.25 352531.90 89
7261396.36 352509.35 88
7261521.73 352488.08 86
7261644.57 352470.74 85
7261769.14 352453.53 83
7261891.04 352431.41 82
7262012.44 352411.42 80
7262137.14 352389.80 78
7262261.58 352372.71 75
7262383.26 352356.14 74
7262510.50 352336.85 73
7262631.98 352309.17 71
7262753.67 352286.04 57
7262876.75 352273.28 59
7263003.36 352255.07 66
7263126.39 352237.66 67
7263252.45 352224.06 73
7263374.51 352196.83 68
7263496.67 352173.05 65
7263616.76 352151.74 63
7263741.18 352136.51 61
7263866.36 352119.43 64
7263990.77 352103.95 62
7264115.23 352083.59 60
7264235.94 352061.54 57
7264361.55 352036.56 55
7264484.32 352015.97 54
7264608.74 352001.71 52
7264729.82 351984.37 50
7264854.68 351968.80 48
7264979.27 351949.82 52
7265099.16 351925.60 49
7265225.62 351898.61 46
7265348.48 351877.51 51
7265469.48 351866.91 51
7265598.25 351854.61 49
7265719.73 351827.07 47
7265838.65 351800.46 53
7265966.03 351780.37 47
7266087.23 351766.49 44
7266213.42 351752.57 47
7266335.21 351725.66 44
7266458.47 351707.10 50
7266584.65 351691.93 41
7266703.64 351667.71 55
7266827.94 351645.99 54
7266952.34 351634.41 54
7267077.34 351608.28 50
7267197.82 351589.45 51
7267322.22 351574.42 47
7267449.01 351559.17 50
7267569.24 351537.14 45
7267692.17 351514.34 55
7267816.82 351495.74 47
7267940.89 351475.14 45
7268063.67 351452.03 43
7268187.26 351432.42 42
7268311.71 351417.21 40
7268434.34 351403.37 37
7268557.95 351380.47 35
7268681.57 351355.23 33
7268803.48 351334.72 32
7268928.67 351317.22 30
7269051.21 351299.89 28
7269175.76 351282.36 26
7269300.21 351263.34 24
7269422.20 351242.51 23
7269545.94 351221.15 21
7269671.65 351201.36 20
7269791.33 351186.00 18
7270460.08 372342.73 21
7270213.30 372377.11 21
